vertices: 4
v:  0.000000  0.000000 0.000000    0.000  1.000  0.000    0.000  0.000   255 255 255 255
v:  1.000000  0.000000 0.000000    0.000  1.000  0.000    0.000  1.000   255 255 255 255
v:  1.000000  0.000000 1.000000    0.000  1.000  0.000    1.000  0.000   255 255 255 255
v:  0.000000  0.000000 1.000000    0.000  1.000  0.000    1.000  1.000   255 255 255 255

meshes: 1
mesh: rect
material: cloud
shader: cloud
triangles: 2
t: 0 1 2
t: 2 3 0
